6.39604 1.97413 0.00127762
6.74391 2.06908 0.306178
7.18634 2.20167 0.30601
7.41385 2.31093 0.306523
7.78038 2.54309 0.31296
8.21051 2.54013 0.308741
8.83505 2.73474 0.302747
9.13206 2.97409 0.306449
9.42032 3.11006 0.309281
10.0597 3.21083 0.307749
10.5965 3.42575 0.309828
11.0706 3.55591 0.310803
11.6828 3.60453 0.304764
12.0032 3.52419 0.305492
12.3305 3.86062 0.316597
12.8772 4.17282 0.304501
13.7038 4.28226 0.300626
13.854 4.48376 0.302108
14.5135 4.60604 0.295599
15.2099 4.70775 0.286468
15.6825 5.02121 0.290171
16.1468 5.05184 0.289402
16.7853 5.26338 0.283293
17.6498 5.3442 0.276689
18.2001 5.66005 0.270622
18.7091 5.76869 0.265666
19.1737 5.95174 0.272446
19.9885 6.13913 0.270792
20.3902 6.19072 0.267279
21.081 6.45767 0.266109
21.7064 6.54828 0.259667
22.3927 6.66971 0.257017
22.9381 7.04755 0.255763
23.9512 7.01685 0.249886
24.4469 7.2894 0.245066
25.5242 7.28559 0.235583
25.8731 7.62441 0.242224
26.5281 7.76002 0.238832
27.3253 7.95575 0.239755
28.1494 7.93517 0.22866
28.5684 8.22308 0.229803
29.5033 8.44677 0.224885
30.1588 8.71127 0.219434
30.992 8.86908 0.216325
31.9526 8.7912 0.21316
32.6902 8.88714 0.205669
33.359 9.31915 0.206331
34.121 9.4924 0.204433
34.8271 9.60005 0.200441
35.7664 9.81847 0.198701
36.6932 10.0255 0.189557
37.3609 9.98534 0.191897
38.4087 10.1217 0.191516
39.2371 10.2959 0.187189
39.8163 10.708 0.188074
40.9756 10.7446 0.17583
41.8227 10.8126 0.178996
42.4395 11.1459 0.177258
43.2857 11.2466 0.176035
44.0849 11.2532 0.173994
45.2031 11.446 0.164578
46.0668 11.5169 0.169171
47.0002 11.7246 0.159851
48.0442 11.9786 0.159935
48.8942 11.8255 0.154884
49.6842 12.1106 0.157539
50.6246 12.506 0.155925
51.6606 12.4653 0.149351
52.5264 12.4604 0.148799
53.5116 12.6343 0.145848
54.3786 12.7798 0.145557
55.5894 13.2581 0.145332
56.4183 13.1428 0.13713
57.4674 13.3468 0.138885
58.1671 13.484 0.133619
59.4804 13.486 0.128257
60.461 13.6782 0.127054
61.2853 13.8561 0.13385
62.5232 13.7682 0.119732
63.3184 14.1312 0.125245
64.2022 14.3724 0.121815
65.6993 14.3182 0.105442
66.3932 14.4277 0.121043
67.8115 14.5866 0.120578
68.9337 14.7489 0.108772
69.5849 14.6372 0.119056
70.8475 14.8976 0.118854
71.7574 15.3224 0.110236
72.7878 15.3169 0.109048
73.883 15.3923 0.0958088
74.991 15.3776 0.106833
76.2028 15.6138 0.0927326
77.5 15.6874 0.100547
78.6261 15.8987 0.0961221
79.4767 15.7698 0.0943095
80.6648 15.7655 0.0892278
81.9069 15.9542 0.0875768
83.0615 16.1751 0.0857708
83.9883 16.1987 0.0855567
85.3389 16.1295 0.0742247
86.4251 16.3505 0.084123
87.3871 16.5906 0.0868097
88.5416 16.8556 0.0828929
89.8582 16.9472 0.0801652
90.957 16.9026 0.0693514
92.2415 16.6589 0.0841886
93.1173 16.7207 0.0879287
94.5146 17.0709 0.0669663
95.8134 17.2271 0.0727133
96.8551 17.3001 0.0720483
98.0398 16.8776 0.0700534
99.0376 17.3967 0.0726346
100.388 17.707 0.0745364
101.525 17.7748 0.0788107
102.645 17.6319 0.0688888
103.977 17.7477 0.0654913
105.187 17.7509 0.0747697
106.208 17.806 0.0779826
107.528 17.9456 0.0714451
108.475 18.1993 0.0769584
109.567 18.0478 0.0751329
110.771 18.116 0.0798774
112.386 18.2775 0.07455
113.373 18.4401 0.0645221
114.639 18.3728 0.0715321
116.002 18.5928 0.0651031
117.257 18.6846 0.0702593
118.184 18.9567 0.0715097
119.648 19.0644 0.0607922
120.925 18.9636 0.0682331
122.141 18.9539 0.0686843
123.341 19.1408 0.0660515
124.6 19.3902 0.0698732
125.631 19.3163 0.0666201
127.052 19.4526 0.0698946
128.087 19.4806 0.07163
129.579 19.5041 0.0652686
130.644 19.6954 0.0643373
132.077 19.7582 0.0646748
133.134 19.7803 0.0658459
134.303 19.9229 0.0647239
135.577 19.9755 0.0692341
137.05 20.2437 0.06981
138.181 20.3476 0.0736103
139.395 20.148 0.0745758
140.887 20.4766 0.0752491
142.244 20.4334 0.0768831
143.257 20.388 0.0789529
144.478 20.625 0.0841834
145.599 20.802 0.0863765
146.926 20.9701 0.0830775
148.103 21.0238 0.085522
149.446 21.0239 0.0872621
150.815 21.5215 0.0787567
152.184 21.6852 0.0830086
153.313 21.2017 0.0861742
154.865 21.7548 0.0825681
156.065 21.7275 0.0792143
157.299 21.8993 0.07653
158.647 21.9643 0.0866064
159.659 21.9399 0.0839556
160.856 21.9307 0.078772
162.235 22.2426 0.0779914
163.744 22.3898 0.0791822
165.031 22.254 0.0784707
166.307 22.407 0.0789029
167.629 22.7958 0.0789047
168.665 22.6345 0.0806779
169.907 22.8699 0.0840274
171.393 22.6456 0.0793654
172.663 23.0429 0.0737237
173.887 22.9285 0.0687184
175.178 23.1768 0.069608
176.572 23.1785 0.0737243
177.691 23.4503 0.0783705
179.007 23.4139 0.0841328
180.465 23.6562 0.0726899
181.985 23.6301 0.0706677
182.888 23.6852 0.0728821
184.337 24.133 0.0646457
185.647 23.9498 0.0750989
187.038 23.9364 0.0740995
188.25 24.2377 0.0699755
189.603 24.3889 0.0806938
190.816 24.5089 0.0792896
192.091 24.4419 0.0752061
193.469 24.5067 0.0771858
194.848 24.5566 0.0711617
196.297 24.6832 0.0701908
197.414 24.9451 0.0739433
198.992 25.0233 0.0698319
200.1 24.9146 0.0735572
201.464 25.1608 0.0755006
202.867 25.0795 0.0653097
204.159 25.1144 0.0743755
205.616 25.3673 0.073016
206.872 25.4211 0.071065
208.281 25.7943 0.0688012
209.556 25.5681 0.0696925
211.041 25.8061 0.0761516
212.435 26.0111 0.0733909
213.586 25.9032 0.0729819
214.958 25.8888 0.0743293
216.229 26.3095 0.0794862
217.706 26.2674 0.0716644
219.005 26.4022 0.0726642
220.298 26.547 0.0692245
221.701 26.4861 0.0735051
222.957 26.8173 0.0726782
224.354 26.6347 0.0761266
225.676 26.8737 0.070658
226.833 26.9357 0.0730296
227.987 27.0657 0.0711843
229.31 27.0829 0.0764158
230.489 27.2946 0.0768438
231.888 27.3897 0.0741808
233.336 27.4603 0.0706371
234.304 27.5633 0.0702291
235.662 27.6446 0.0714572
237.032 27.8202 0.0662681
238.06 27.9002 0.0771601
239.325 27.9299 0.0779562
240.338 28.0362 0.0688772
241.535 27.9508 0.0754252
242.782 28.2103 0.0710242
243.689 28.1632 0.0674597
244.975 28.1363 0.0713377
245.893 28.2836 0.0658254
246.95 28.298 0.0676553
248.236 28.3804 0.0647527
249.338 28.5558 0.0611505
250.208 28.5973 0.0519071
251.479 28.6161 0.0526172
252.161 28.6301 0.0464445
253.057 28.478 0.0356426
253.965 28.6018 0.0322731
255.035 28.4441 0.0267109
254.99 28.6389 0.0212243
255.853 28.548 6.28
256.898 28.5989 6.24899
257.632 28.5621 6.24488
258.216 28.6982 6.21995
259.617 28.5531 6.18814
259.95 28.5056 6.18662
260.632 28.24 6.16496
261.445 28.1334 6.137
262.6 28.2234 6.10968
263.06 27.8459 6.09
263.528 27.6544 6.06163
264.347 27.4357 6.0295
265.117 27.1726 5.99579
265.82 27.0089 5.96423
266.573 26.8501 5.93509
267.265 26.3236 5.91225
267.781 26.2025 5.86429
268.595 25.6511 5.83179
269.25 25.439 5.81332
269.727 24.8187 5.76579
270.347 24.6706 5.73415
270.938 24.3316 5.70501
271.399 23.6852 5.67305
272.08 23.4602 5.63863
272.492 23.0225 5.60731
272.825 22.6325 5.58111
273.49 22.0248 5.53829
273.863 21.554 5.51527
274.467 21.0133 5.49077
274.935 20.4886 5.45535
275.402 19.9042 5.40727
275.799 19.2574 5.38757
276.118 18.6829 5.36455
276.414 18.1645 5.32797
277.002 17.5242 5.29933
277.563 16.9565 5.2678
277.568 16.3542 5.23607
277.937 15.4339 5.20541
278.204 14.8098 5.16662
278.725 14.1964 5.13985
278.559 13.4767 5.1072
279.005 12.9989 5.07996
279.3 11.9021 5.04413
279.236 11.4145 4.99569
279.676 10.6501 4.97677
279.809 9.97963 4.93578
279.873 9.16542 4.89503
279.883 8.61988 4.86968
280.036 7.8196 4.84871
280.078 7.14617 4.81163
280.102 6.42196 4.77686
280.214 5.87889 4.74697
280.479 4.7638 4.73034
280.037 4.07234 4.6886
279.856 3.23583 4.65119
279.935 2.74484 4.62442
279.851 1.79727 4.58844
279.548 1.1796 4.55974
279.186 0.344956 4.52792
279.475 -0.33867 4.50067
278.903 -1.09414 4.46312
278.756 -1.91988 4.42651
278.304 -2.82767 4.39113
278.172 -3.42975 4.36981
277.763 -4.01792 4.33597
277.457 -4.80791 4.29594
277.175 -5.48891 4.27795
276.789 -6.24848 4.2455
276.519 -6.99525 4.21479
276.187 -7.82814 4.18158
275.685 -8.36401 4.16029
275.052 -8.97604 4.13379
274.41 -9.60317 4.09464
274.165 -10.2124 4.07255
273.322 -10.9356 4.04485
272.995 -11.5272 4.01235
272.711 -12.248 3.99161
271.915 -12.7617 3.96104
271.335 -13.3178 3.93522
270.895 -13.7795 3.90839
270.029 -14.3379 3.87004
269.457 -14.9808 3.84216
268.748 -15.3736 3.80225
267.747 -15.7159 3.76447
267.147 -16.4597 3.73437
266.637 -16.6502 3.70082
265.596 -17.0078 3.67113
265.053 -17.4382 3.63541
264.499 -17.9252 3.60708
263.38 -18.11 3.56441
262.816 -18.5448 3.53167
261.9 -18.7373 3.49156
261.277 -19.02 3.46364
260.362 -19.0685 3.41331
259.142 -19.2978 3.37289
258.243 -19.3449 3.32597
257.657 -19.4305 3.29945
256.839 -19.4754 3.2623
256.01 -19.7237 3.23579
255.369 -19.657 3.20189
254.186 -19.7961 3.16496
253.054 -19.763 3.12929
252.374 -19.4178 3.0971
251.705 -19.4164 3.07691
250.487 -19.1165 3.04137
249.687 -19.38 3.01994
248.782 -19.1374 2.99586
247.888 -19.0283 2.97922
246.717 -18.717 2.95248
246.245 -18.6433 2.94799
245.591 -18.4378 2.93415
244.631 -18.0416 2.91723
243.776 -18.0115 2.92223
242.594 -17.5216 2.90586
242.117 -17.6301 2.91719
241.01 -17.3865 2.91534
240.093 -17.1795 2.90679
238.873 -16.9084 2.90467
238.015 -16.637 2.89837
237.169 -16.5118 2.90365
236.26 -16.2039 2.90046
235.46 -15.8395 2.9
234.336 -15.8793 2.90099
233.483 -15.3858 2.90087
232.445 -15.4718 2.89926
231.694 -14.9996 2.91385
230.351 -14.9306 2.90502
229.564 -14.647 2.90475
229.059 -14.4866 2.9126
227.775 -14.176 2.9146
226.724 -14.0651 2.91912
225.855 -13.4988 2.92618
224.687 -13.5913 2.92817
223.79 -13.1836 2.92941
222.539 -13.1123 2.93455
221.822 -12.7807 2.9492
220.807 -12.8466 2.94577
219.623 -12.4007 2.95338
218.931 -12.3613 2.95917
217.604 -12.0578 2.96386
216.809 -12.0215 2.9802
215.655 -11.8407 2.98448
214.749 -11.6988 2.99464
213.544 -11.6696 3.01103
212.495 -11.4646 3.01289
211.458 -11.0329 3.01868
210.308 -11.2068 3.0357
209.385 -11.3261 3.03316
208.406 -10.9162 3.05346
207.337 -11.0334 3.06006
206.339 -10.423 3.07328
204.984 -10.7511 3.07348
203.805 -10.4397 3.08177
202.968 -10.369 3.09258
201.619 -10.5812 3.09261
200.551 -10.6363 3.09603
199.508 -10.4766 3.10118
198.394 -10.1647 3.11447
197.223 -10.3542 3.11623
196.193 -10.4472 3.12274
194.965 -10.3668 3.12943
193.972 -10.3696 3.13873
192.966 -10.3431 3.14868
191.606 -10.4663 3.14942
190.328 -10.1887 3.15954
189.152 -10.5064 3.15438
187.905 -10.3544 3.16718
186.786 -10.4711 3.17104
186.085 -10.4101 3.18191
184.596 -10.7584 3.18071
183.656 -10.5893 3.18851
182.557 -10.6484 3.19721
181.405 -10.9286 3.20114
180.003 -10.7838 3.20023
178.688 -11.0579 3.20369
177.73 -10.8487 3.2138
176.922 -11.1797 3.22029
175.397 -11.2607 3.21667
174.353 -11.2807 3.22585
173.234 -11.3859 3.23453
171.985 -11.7913 3.2331
170.758 -11.7568 3.24703
169.799 -11.8305 3.25449
168.883 -11.7268 3.26382
167.564 -11.9205 3.26406
166.435 -12.0633 3.26808
165.328 -12.5077 3.27274
164.197 -12.6345 3.28414
163.102 -12.9122 3.28829
162.193 -13.0296 3.29588
160.688 -12.9777 3.28515
159.659 -13.4653 3.30488
158.531 -13.2352 3.3049
157.094 -13.6618 3.30428
156.292 -13.7134 3.31283
155.193 -14.0893 3.31874
153.998 -14.1284 3.32098
152.885 -14.4618 3.32501
151.879 -14.6867 3.32564
150.552 -14.7372 3.32972
149.734 -15.1104 3.33632
148.724 -14.9429 3.34028
147.296 -15.5957 3.35244
146.508 -15.5884 3.34714
145.297 -15.9911 3.35514
144.36 -16.5205 3.36458
143.03 -16.3327 3.35764
141.97 -16.4856 3.36492
140.952 -16.9696 3.35897
139.724 -17.2073 3.3663
138.597 -17.5451 3.36555
137.457 -17.7496 3.36021
136.425 -18.0062 3.37505
135.434 -18.4293 3.38472
134.221 -18.5596 3.38004
133.152 -18.7857 3.3701
131.906 -19.378 3.37645
131.075 -19.2967 3.37745
129.652 -19.5478 3.36568
128.652 -19.7434 3.36175
127.743 -19.8224 3.37377
126.905 -20.3841 3.38743
125.648 -20.6256 3.38318
124.371 -20.8269 3.38543
123.804 -21.358 3.39165
122.029 -21.5061 3.38435
121.305 -21.6089 3.39177
120.226 -21.7981 3.39304
118.733 -22.1824 3.38421
118.215 -22.6712 3.40029
116.811 -22.6147 3.39306
116.011 -23.195 3.39951
114.653 -23.0911 3.4026
113.642 -23.562 3.40233
113.1 -24.0867 3.41755
111.778 -24.2755 3.40418
110.909 -24.4579 3.43609
109.846 -24.9058 3.42681
108.324 -25.2283 3.42741
107.722 -25.4744 3.4414
106.731 -25.6501 3.45237
106.079 -25.7293 3.44509
104.552 -26.3892 3.45435
103.753 -26.6527 3.45653
102.785 -26.923 3.46847
101.764 -27.3544 3.47027
100.951 -27.9747 3.47481
99.8003 -28.2521 3.47968
98.9622 -28.2824 3.48486
98.182 -28.7615 3.49407
97.0986 -29.1224 3.50638
95.897 -29.7012 3.50613
94.9214 -29.9624 3.51253
94.016 -30.4363 3.51225
93.098 -30.5761 3.52603
92.1501 -31.1856 3.53494
91.2395 -31.5957 3.54356
89.9548 -31.9823 3.55594
89.5242 -32.3234 3.56573
88.2369 -32.6356 3.57364
87.2271 -33.2991 3.58509
86.3343 -33.6706 3.58821
85.4021 -34.3069 3.60257
84.4615 -34.5971 3.61279
83.661 -35.3769 3.62454
82.6078 -35.6086 3.63725
81.7669 -36.2587 3.64493
80.7889 -36.816 3.66297
79.7461 -37.2734 3.67609
78.7263 -37.8463 3.69141
77.7916 -38.4246 3.70028
77.0881 -38.984 3.71598
76.3204 -39.7956 3.72526
75.4195 -40.5034 3.73915
74.4627 -41.0072 3.75034
73.4981 -41.8558 3.75687
72.5976 -42.3711 3.77734
71.5482 -42.912 3.79138
70.9562 -43.5948 3.80174
70.0319 -44.1643 3.81478
69.0664 -45.0885 3.82394
68.2267 -45.9669 3.83727
67.3673 -46.6555 3.84931
66.8143 -47.1008 3.85919
65.7908 -48.0406 3.86312
65.155 -48.5747 3.87029
64.2118 -49.1264 3.87754
63.4724 -49.9207 3.89151
62.7886 -50.7001 3.90206
61.8419 -51.3003 3.90559
61.0368 -52.1071 3.89781
60.2324 -52.8374 3.91132
59.5533 -53.6692 3.90056
58.7179 -54.433 3.91005
58.1395 -54.9525 3.92027
57.2175 -56.0318 3.91576
56.6981 -56.5792 3.92386
55.8223 -57.4964 3.92002
55.1844 -58.0669 3.91855
54.4851 -58.9458 3.92121
53.5357 -59.5891 3.9327
52.9351 -60.153 3.92754
51.9916 -61.1339 3.93523
51.449 -61.7002 3.94226
50.7728 -62.6224 3.93382
49.8354 -63.1911 3.93412
49.389 -63.8305 3.94464
48.6308 -64.6877 3.93551
48.0002 -65.3157 3.93643
47.166 -66.2815 3.93393
46.4138 -66.8956 3.93515
45.9498 -67.661 3.93429
44.9933 -68.2665 3.93563
44.4949 -68.8255 3.93609
43.886 -69.5039 3.93851
43.1348 -70.0965 3.94032
42.4402 -70.9755 3.93434
41.7654 -71.6518 3.93343
41.1067 -72.3295 3.93636
40.7026 -73.0309 3.93332
39.731 -73.7173 3.9293
38.9928 -74.4271 3.92868
38.45 -75.0294 3.92775
37.7361 -75.7556 3.91946
36.9825 -76.3138 3.91844
36.4333 -77.0486 3.91081
35.9561 -77.7396 3.91264
35.0688 -78.2786 3.89811
34.592 -78.8825 3.90179
33.7737 -79.4592 3.89242
33.2726 -80.0899 3.88687
32.4559 -80.7331 3.87788
31.7347 -81.2934 3.86831
31.0392 -81.7954 3.85968
30.5377 -82.4084 3.86085
29.9248 -82.9095 3.84937
29.1048 -83.5206 3.83698
28.3252 -84.2059 3.83168
27.7009 -84.7308 3.82448
26.9877 -85.1796 3.80855
26.1917 -85.8164 3.80093
25.7636 -86.2017 3.79617
24.6032 -86.7741 3.77459
24.317 -87.2302 3.77234
23.432 -87.7682 3.7544
22.9104 -88.1268 3.74286
22.3917 -88.4321 3.73592
21.7549 -88.8764 3.71997
20.5807 -89.3253 3.70202
20.2239 -89.8484 3.68963
19.6926 -90.4985 3.68849
18.7293 -90.4483 3.66398
17.848 -91.0557 3.64285
17.4105 -91.2474 3.63616
16.4845 -91.5669 3.6243
16.0366 -92.0362 3.6103
15.1361 -92.2921 3.58422
14.62 -92.6769 3.57292
14.3038 -92.7894 3.57909
13.2475 -93.3945 3.54325
12.6503 -93.7788 3.51754
12.0957 -93.8397 3.51203
11.1323 -93.9454 3.49028
10.2264 -94.0067 3.46682
9.71292 -94.1776 3.44683
8.77553 -94.5845 3.42483
8.275 -94.8038 3.41248
7.52488 -94.9131 3.39815
7.00039 -95.2242 3.37301
6.07456 -95.4405 3.34252
5.57923 -95.6699 3.33664
4.60291 -95.3813 3.30777
4.14018 -95.4951 3.28734
3.4988 -95.309 3.27579
2.46559 -95.5416 3.24916
1.75437 -95.8685 3.22346
1.22118 -95.5681 3.20012
0.706528 -95.7102 3.1887
0.208901 -95.8892 3.15991
-0.733181 -95.7466 3.13893
-1.04659 -95.8752 3.12619
-2.22114 -95.7824 3.09904
-3.02456 -95.5886 3.0785
-3.56368 -95.4518 3.06384
-4.03368 -95.3762 3.05333
-4.79347 -95.6118 3.03168
-5.42017 -95.2102 3.01456
-6.34258 -95.1299 2.98325
-7.12585 -95.1926 2.9611
-7.77898 -94.7852 2.94982
-8.38728 -94.9912 2.93194
-8.9714 -94.4518 2.91616
-9.84036 -94.4294 2.89204
-10.2565 -94.1022 2.88009
-11.3343 -94.0414 2.8591
-11.8601 -93.7571 2.84887
-12.4878 -93.5584 2.83666
-13.3704 -93.3621 2.81464
-13.9514 -92.8769 2.80483
-14.6305 -92.4892 2.7855
-15.4457 -92.4942 2.76974
-16.1908 -92.1434 2.75797
-16.4786 -91.8162 2.7455
-17.3709 -91.376 2.7182
-18.2179 -90.9914 2.6899
-18.6652 -90.7142 2.67679
-19.585 -90.4777 2.65106
-20.0459 -89.9526 2.63656
-20.7917 -89.4665 2.60819
-21.4015 -88.9617 2.59233
-22.1817 -88.5634 2.56702
-22.8514 -88.1017 2.56138
-23.4206 -87.9973 2.54334
-24.0916 -87.2949 2.5207
-24.907 -86.9602 2.5008
-25.1739 -86.0955 2.4731
-25.8743 -85.9078 2.46451
-26.5374 -85.2008 2.44547
-27.122 -84.7449 2.41733
-27.6541 -84.1004 2.40597
-28.3776 -83.5941 2.38871
-28.9723 -83.115 2.36287
-29.4162 -82.2496 2.33883
-30.1081 -81.6027 2.32321
-30.6002 -81.2507 2.30696
-30.9484 -80.4741 2.28034
-31.7477 -79.9318 2.25318
-32.1332 -79.2479 2.226
-32.7134 -78.315 2.21309
-33.0221 -77.5344 2.18371
-33.3744 -77.1262 2.15187
-34.1277 -76.3573 2.13632
-34.2013 -75.7997 2.10964
-34.6199 -74.9818 2.08792
-35.0418 -74.1823 2.06667
-35.4229 -73.4463 2.03855
-35.584 -72.6665 2.01265
-36.3329 -71.8439 1.99585
-36.4156 -71.3937 1.97222
-36.7556 -70.4864 1.94808
-36.8874 -69.5841 1.93145
-37.1827 -68.6726 1.91452
-37.3307 -68.0973 1.89037
-37.5423 -67.1492 1.87745
-38.2335 -66.257 1.84614
-38.0761 -65.4795 1.82755
-38.3844 -65.0318 1.80598
-38.319 -64.1424 1.79068
-38.6049 -63.1392 1.77284
-38.896 -62.2294 1.7501
-38.7392 -61.5459 1.73208
-39.0466 -60.7123 1.71296
-39.2695 -59.5671 1.69649
-38.9375 -59.152 1.68662
-39.2971 -58.0228 1.67295
-39.3242 -57.423 1.66064
-39.4547 -56.6728 1.63563
-39.4844 -55.5134 1.63122
-39.4801 -55.0205 1.6178
-39.6502 -53.8186 1.59893
-39.2899 -53.0518 1.59197
-39.5852 -52.2276 1.57072
-39.6254 -51.2564 1.56544
-39.3735 -50.6505 1.56362
-39.352 -49.4682 1.53862
-39.3321 -48.8082 1.53117
-39.3679 -47.8538 1.52605
-39.1887 -47.1842 1.5162
-39.324 -46.1382 1.49142
-39.2673 -45.3439 1.49364
-38.9838 -44.5528 1.48402
-38.7004 -43.6222 1.47536
-38.7878 -42.7896 1.45023
-38.6566 -42.1086 1.44721
-38.3967 -41.3317 1.43485
-38.3906 -40.0113 1.413
-38.1247 -39.1825 1.40584
-37.8104 -38.2773 1.38912
-37.7659 -37.5598 1.37748
-37.5963 -36.7253 1.36362
-37.4616 -35.9263 1.35028
-37.2568 -34.9814 1.33541
-37.0263 -34.1706 1.31712
-36.7822 -32.9429 1.30307
-36.6116 -32.715 1.30522
-36.0698 -31.6631 1.2814
-36.0975 -30.6364 1.26662
-35.7591 -29.9268 1.259
-35.4717 -29.3952 1.25641
-35.2507 -28.3903 1.23471
-34.5534 -27.3921 1.21615
-34.5237 -26.996 1.2084
-34.3927 -25.9433 1.18941
-33.7429 -25.0417 1.17467
-33.1882 -24.2204 1.16107
-32.8533 -23.3199 1.14101
-32.5826 -22.4673 1.11863
-32.2631 -21.8876 1.09828
-31.5065 -20.9757 1.0815
-31.3887 -20.2609 1.06384
-30.8406 -19.4094 1.04928
-30.1726 -18.8655 1.02768
-29.8353 -17.9842 1.00482
-29.2223 -17.2204 0.985809
-28.7239 -16.3036 0.967222
-28.3392 -15.7448 0.953886
-27.8653 -15.3398 0.938999
-27.1527 -14.4203 0.915143
-26.4762 -13.6348 0.892808
-25.9978 -12.759 0.869166
-25.5477 -12.3193 0.858356
-24.6872 -11.8233 0.856783
-24.1105 -10.9369 0.822871
-23.5538 -10.5501 0.818191
-22.7366 -9.84825 0.793544
-22.3706 -9.15648 0.772965
-21.6313 -8.47367 0.749569
-20.8231 -7.96665 0.740457
-20.5177 -7.45644 0.724339
-19.5211 -6.76038 0.698004
-18.6429 -6.05481 0.677112
-18.2275 -5.86382 0.668524
-17.5462 -5.02343 0.648723
-16.5008 -4.63401 0.629012
-15.7747 -4.23382 0.615884
-15.0439 -3.65851 0.599903
-14.4093 -3.13305 0.581449
-13.6168 -2.57735 0.566991
-12.9015 -2.35343 0.549086
-12.2258 -1.78584 0.525874
-11.3232 -1.33325 0.507735
-10.4296 -0.813055 0.495518
-9.71234 -0.633054 0.477961
-8.91662 -0.318841 0.466674
-7.95503 0.216192 0.451725
-7.23096 0.532768 0.431833
-6.3516 1.08805 0.417344
-5.53561 1.18745 0.407837
-4.58577 1.48381 0.380779
-3.81555 1.9348 0.374641
-3.2331 2.28069 0.354096
-2.35293 2.51719 0.34106
-1.5144 2.68542 0.330431
-0.431269 3.2629 0.320865
0.264731 3.2205 0.308647
1.17803 3.39687 0.300734
2.15747 3.81274 0.291486
2.97896 4.02509 0.282175
3.8595 4.47672 0.278019
4.7198 4.54584 0.269578
5.60422 4.66672 0.260963
6.49192 4.87764 0.258813
7.40706 5.04079 0.257912
8.25495 5.33177 0.259874
9.14476 5.69677 0.254056
9.95491 5.93756 0.252127
10.696 6.01559 0.249201
11.7792 6.37373 0.24953
12.6108 6.69254 0.240018
13.8681 6.94448 0.235591
14.386 7.07164 0.233491
15.1929 7.14882 0.235275
15.9667 7.53647 0.233545
17.0251 7.56863 0.230947
17.9143 7.86868 0.229216
18.8799 8.02614 0.222426
19.9649 7.9379 0.211459
20.7717 8.33798 0.211265
21.4785 8.65164 0.209322
22.4277 8.6848 0.206908
23.4612 8.95085 0.200818
24.4608 9.14058 0.191328
25.1792 9.27932 0.193881
26.2226 9.57549 0.19162
27.212 9.87301 0.186302
28.1185 9.90505 0.182264
29.0212 10.1181 0.17108
29.7913 10.0293 0.174324
30.9088 10.4858 0.173941
31.7438 10.4151 0.172915
32.5731 10.5313 0.166388
33.4817 10.7565 0.171835
34.4552 11.0765 0.163524
35.2855 11.1647 0.164444
36.4558 11.3679 0.166323
37.278 11.4501 0.160995
37.9621 11.722 0.166627
38.9038 11.516 0.163738
39.8194 11.9172 0.166248
40.8625 11.8671 0.150309
42.0516 12.0554 0.152442
42.4891 12.2507 0.155622
43.6869 12.395 0.153128
44.5062 12.6024 0.152217
45.5045 12.7481 0.143087
46.2436 12.6771 0.142277
47.1975 12.9729 0.14385
48.3696 12.9887 0.134469
49.0937 13.3748 0.137199
50.0051 13.3961 0.140377
50.907 13.4901 0.137788
51.8568 13.9425 0.130428
52.7933 13.7587 0.125854
53.8552 13.8095 0.125987
54.872 13.7023 0.112832
55.495 14.1397 0.116961
56.4304 14.2208 0.11985
57.5541 14.1865 0.107716
58.4364 14.2555 0.107058
59.2569 14.1289 0.114688
60.1553 14.5484 0.106762
60.9643 14.6259 0.10605
62.1075 14.6381 0.0950475
62.7287 14.6874 0.107952
63.9906 15.059 0.0989499
64.9586 14.7671 0.102672
65.5812 14.8051 0.108975
66.4459 15.5081 0.101768
67.6136 15.1529 0.103789
68.7061 14.9961 0.0910752
69.2923 15.4438 0.107504
70.4888 15.6127 0.105035
71.4224 15.5893 0.0986991
72.4139 15.7895 0.0932391
73.3145 15.774 0.105921
74.2339 15.8001 0.099944
75.3691 15.9984 0.0824877
76.2098 16.1122 0.0941917
77.122 16.2014 0.0983833
77.9925 16.2851 0.0920672
78.7071 16.2368 0.0970276
79.9829 16.5607 0.0939288
80.7229 16.4411 0.0952327
81.6953 16.6081 0.097361
82.5873 16.7309 0.101066
83.5937 16.7055 0.0963348
84.3785 16.9427 0.0927075
85.7868 16.8848 0.104695
86.2245 17.0587 0.108335
87.4782 17.2736 0.0954717
88.1689 17.2692 0.0949686
89.0647 17.4109 0.0985261
90.3267 17.2762 0.0918013
90.9342 17.5875 0.0879887
92.067 17.7175 0.0912323
93.116 17.4943 0.0948761
94.0625 17.9736 0.086696
94.9209 17.9251 0.0882201
96.0425 17.7739 0.078867
96.8867 18.1891 0.0778937
97.988 18.0704 0.0777738
98.7559 18.0642 0.0770876
99.514 18.1184 0.0818582
100.703 18.2004 0.0801604
101.813 18.4198 0.0718162
102.602 18.2149 0.0672058
103.37 18.5354 0.0746877
104.742 18.4434 0.0705537
105.309 18.3794 0.0757875
106.448 18.7466 0.0726758
107.423 18.6552 0.064839
108.457 18.7088 0.0691836
109.366 18.818 0.0626186
110.327 18.9857 0.0686626
111.251 18.8974 0.0603947
112.373 18.9955 0.0598351
113.057 18.8797 0.0787602
114.085 19.3032 0.0684797
115.079 19.1369 0.0523615
116.124 19.3317 0.063897
117.259 19.3226 0.0596268
117.961 19.4994 0.0548222
118.958 19.3109 0.0684125
119.91 19.5489 0.0640651
120.907 19.6807 0.064863
121.72 19.6245 0.0590202
122.947 19.7003 0.0671027
123.596 19.5043 0.063433
124.651 19.832 0.0629811
125.62 19.8376 0.0684764
126.479 20.0746 0.0690495
127.534 20.1471 0.0616593
128.797 20.1 0.0642251
129.924 20.3479 0.0654016
130.512 20.2949 0.0649313
131.444 20.2164 0.0679585
132.578 20.378 0.0733787
133.513 20.4605 0.0668236
134.701 20.7276 0.0663471
135.686 20.716 0.064899
136.52 20.4117 0.076224
137.742 20.7487 0.0696563
138.42 20.9648 0.0731601
139.476 20.7952 0.0658768
140.568 21.121 0.066011
141.296 20.9639 0.0722371
142.252 20.9526 0.0747414
143.421 21.1105 0.074732
144.498 21.1002 0.0703486
145.6 21.2286 0.0709327
146.809 21.1758 0.0667077
147.524 21.6075 0.0700346
148.683 21.439 0.0668911
149.618 21.7897 0.0689451
150.802 21.6468 0.0717596
151.863 21.7668 0.0744906
152.64 21.784 0.074993
153.74 22.0144 0.0743123
154.994 21.9531 0.0720209
156.056 22.2175 0.0753849
157.109 21.9525 0.079472
158.157 21.9977 0.0711879
159.068 22.2257 0.0715733
160.014 22.2799 0.0806892
161.254 22.4151 0.0759201
162.289 22.4612 0.0718611
163.27 22.6197 0.0723539
164.347 22.5761 0.0787515
165.603 22.6682 0.070423
166.503 22.9378 0.0716056
167.978 23.0546 0.0721413
168.77 22.9342 0.0699393
169.977 22.8506 0.0676004
170.992 23.1088 0.0719003
172.178 23.3541 0.0763713
173.195 23.3203 0.0743116
174.252 23.4433 0.0821562
175.303 23.4405 0.0667542
176.594 23.6479 0.0649926
177.634 23.5627 0.0746271
178.87 23.7002 0.0678214
179.821 23.5259 0.0752727
181.05 23.8444 0.0660944
182.227 23.9479 0.0726936
183.199 23.9144 0.0677054
184.323 24.0787 0.0651374
185.499 24.3246 0.0710825
186.619 24.3012 0.0711278
187.636 24.3244 0.0721477
188.767 24.5028 0.065958
189.983 24.5827 0.0704712
191.163 24.5096 0.0624037
192.343 24.7488 0.0576762
193.297 24.6842 0.0657285
194.533 24.9275 0.0666259
195.567 24.8188 0.0580869
196.764 24.7418 0.058139
197.768 25.2465 0.0711113
198.886 24.8522 0.0581073
200.172 25.1217 0.0626919
201.137 25.1263 0.0675198
202.127 25.1977 0.0738436
203.229 25.3119 0.0610598
204.43 25.5001 0.0627134
205.428 25.2263 0.0613949
206.652 25.6933 0.0656519
207.838 25.4539 0.0632517
209.069 25.6034 0.0647597
210.114 25.6803 0.062669
211.109 25.8583 0.0720919
212.282 25.9446 0.0699065
213.2 26.0583 0.0765964
214.302 26.0414 0.0692329
215.602 26.1693 0.0742754
216.594 26.3625 0.0750672
217.633 26.2365 0.070676
218.865 26.5551 0.0694068
219.991 26.3306 0.0765555
220.998 26.5032 0.069007
221.792 26.5035 0.076606
223.295 26.726 0.0719394
224.291 26.8445 0.0802532
225.412 26.8818 0.0771513
226.575 26.9379 0.0751323
227.726 26.9242 0.0807352
228.605 27.0237 0.0789698
229.743 27.0291 0.0749179
230.665 27.0894 0.0799582
232.047 27.2819 0.0756507
233.014 27.3653 0.0793866
234.111 27.4044 0.0800028
235.179 27.9338 0.0797948
236.353 27.9732 0.0778926
237.138 28.0043 0.0790324
238.199 27.8039 0.0831335
239.316 28.0608 0.0853405
240.448 28.1301 0.0764636
241.401 28.3268 0.0810742
242.357 28.0843 0.0842146
243.536 28.328 0.0763071
244.465 28.2155 0.0847554
245.581 28.6119 0.0818981
246.439 28.4104 0.0780672
247.354 28.5564 0.0795851
248.368 28.7211 0.0774753
249.283 28.6714 0.0700276
250.109 28.9308 0.0675083
251.098 28.8743 0.0711775
252.213 28.9048 0.0465964
252.83 28.945 0.0498369
253.615 28.9815 0.0401425
254.559 29.0136 0.0254025
255.329 28.8817 0.0141042
255.394 28.9764 0.00150618
256.125 29.0542 6.26364
257.101 28.9046 6.24623
257.696 28.9017 6.2306
258.486 28.8448 6.20202
259.032 28.8202 6.18386
259.75 28.6647 6.16354
260.411 28.562 6.13547
261.33 28.3592 6.09994
262.008 27.9105 6.08378
262.587 28.0205 6.04672
263.328 27.6307 6.02138
264.002 27.5805 5.97926
264.288 27.425 5.94652
265.067 26.9178 5.92576
265.766 26.8026 5.88513
266.485 26.4374 5.85638
267.189 26.1138 5.82683
267.548 25.8087 5.80038
268.108 25.6703 5.7663
268.667 24.8834 5.7446
269.342 24.763 5.71325
269.94 24.3184 5.67176
270.344 23.9106 5.65986
270.67 23.6668 5.63588
271.502 23.0183 5.59829
271.768 22.5013 5.56222
272.261 22.173 5.5335
272.936 21.9027 5.50482
273.452 21.206 5.47515
273.879 20.5395 5.43816
274.288 19.9863 5.41725
274.611 19.2884 5.38335
275.054 18.8997 5.36332
275.315 18.4661 5.32348
275.734 17.8286 5.28711
276.015 17.1446 5.26717
276.195 16.4736 5.23304
276.626 16.1077 5.20067
276.849 15.5045 5.17124
277.13 14.6964 5.13275
277.493 14.0697 5.11573
277.537 13.3308 5.07711
277.95 12.6133 5.04423
277.988 12.164 5.00416
278.252 11.3725 4.97502
278.215 10.7309 4.94944
278.764 9.84095 4.93198
278.465 9.27565 4.89228
278.973 8.72203 4.88051
278.753 7.77933 4.82843
278.632 6.733 4.79502
278.838 6.11474 4.7731
279.001 5.58043 4.75008
278.953 4.71912 4.71052
279.054 4.24725 4.68838
278.847 3.33126 4.64904
278.779 2.68065 4.63823
278.79 2.12917 4.59829
278.469 1.32893 4.55931
278.202 0.366595 4.52288
277.993 -0.16183 4.49612
277.967 -0.897736 4.47103
277.57 -1.89841 4.43131
277.243 -2.1784 4.40467
277.106 -2.9667 4.37418
276.769 -3.85839 4.33413
276.556 -4.39567 4.30785
276.099 -5.25995 4.27669
275.759 -5.87773 4.23935
275.684 -6.27017 4.22174
275.118 -7.07547 4.18661
274.415 -7.70182 4.1415
274.064 -8.30706 4.11235
273.22 -9.14029 4.06369
272.611 -9.72915 4.0367
272.341 -10.1854 4.00754
271.821 -10.7966 3.98123
271.007 -11.4694 3.93999
270.656 -11.8867 3.91658
269.876 -12.3814 3.88306
269.542 -12.8795 3.86022
268.943 -13.4563 3.82617
267.824 -13.8858 3.78782
267.762 -14.5739 3.77703
266.93 -14.9063 3.7277
266.238 -15.3444 3.70595
265.461 -15.6881 3.67739
264.476 -15.9925 3.64271
264.476 -16.4784 3.61855
263.44 -16.7219 3.58233
262.512 -16.9153 3.54698
262.194 -17.3514 3.52293
260.991 -17.5763 3.48434
259.999 -17.6788 3.4492
259.326 -17.9179 3.41541
258.588 -18.1049 3.38656
257.942 -18.2566 3.35995
257.039 -18.5127 3.32621
256.146 -18.8532 3.2883
255.24 -18.6759 3.26234
254.211 -18.5241 3.22061
253.724 -18.8117 3.19687
252.448 -18.6077 3.16485
251.548 -18.5012 3.13044
250.995 -18.4714 3.10828
250.088 -18.3295 3.07573
249.159 -18.1527 3.05563
248.1 -18.098 3.01436
247.339 -18.0578 3.00119
247.012 -18.2406 2.98426
245.541 -17.7568 2.94949
244.582 -17.6617 2.9435
244.086 -17.5757 2.93735
243.185 -16.9088 2.92657
242.135 -16.7831 2.91323
241.198 -16.851 2.91029
240.396 -16.3405 2.9112
239.018 -16.1975 2.90254
238.358 -16.1248 2.90005
237.837 -16.0287 2.90404
236.747 -15.6782 2.90193
235.662 -15.3433 2.90242
235.018 -15.2674 2.90199
233.902 -15.0629 2.90583
232.497 -14.8037 2.89798
232.112 -14.5431 2.91037
230.816 -14.2447 2.90744
230.009 -14.0845 2.90482
228.958 -13.8052 2.9145
228.272 -13.7676 2.91735
227.171 -13.3784 2.92073
225.955 -13.2487 2.92383
225.038 -12.9719 2.92798
224.129 -12.5407 2.92809
222.906 -12.4678 2.93146
222.159 -12.3304 2.94166
220.563 -11.8757 2.94113
219.705 -11.672 2.95068
218.817 -11.7807 2.95898
217.663 -11.3893 2.96429
216.735 -11.3979 2.97325
215.642 -11.1423 2.98468
214.455 -10.9763 2.98718
213.503 -10.772 3.00386
212.43 -10.6132 3.0162
211.187 -10.4192 3.02761
210.028 -10.5823 3.03176
209.185 -10.1488 3.04431
208.079 -10.0202 3.05102
206.684 -10.3009 3.05627
205.694 -10.2151 3.06766
204.414 -10.1353 3.07828
203.411 -9.90198 3.08307
201.949 -9.8338 3.09828
201.082 -9.8219 3.10501
199.825 -9.82943 3.11287
198.719 -9.55323 3.12288
197.385 -9.9348 3.12144
196.414 -9.98367 3.13784
195.382 -9.77446 3.14419
194.048 -9.79405 3.15464
193.025 -9.88866 3.14958
191.695 -9.91358 3.15326
190.355 -9.86144 3.15564
189.246 -9.91199 3.17043
188.295 -9.83302 3.17031
187.111 -9.9732 3.18328
185.961 -10.1399 3.18928
184.728 -10.0384 3.19417
183.443 -10.0243 3.18954
182.152 -10.3182 3.19123
181.074 -10.4417 3.20003
180.045 -10.518 3.2022
179.037 -10.2673 3.21387
177.652 -10.6623 3.21886
176.715 -10.7144 3.22216
175.532 -10.7556 3.22714
174.197 -10.7158 3.22116
173.317 -11.0135 3.23948
172.041 -10.972 3.23845
170.768 -11.1752 3.23759
169.728 -11.3565 3.24204
168.665 -11.692 3.25131
167.623 -11.5831 3.25587
166.65 -11.6109 3.25671
165.298 -11.7993 3.25632
164.46 -12.0275 3.26978
163.168 -12.265 3.27423
161.946 -12.4405 3.27585
161.22 -12.7607 3.28192
159.858 -12.4497 3.28503
158.736 -12.8177 3.28908
157.786 -12.9403 3.29731
156.683 -13.0445 3.29923
155.726 -13.3963 3.30268
154.566 -13.4912 3.308
153.473 -13.7422 3.31053
152.316 -13.7803 3.31698
151.304 -13.8277 3.31693
150.48 -14.0674 3.32183
149.422 -14.3318 3.33084
148.413 -14.5901 3.3289
147.221 -14.7479 3.32877
146.155 -14.8499 3.33433
145.211 -15.2895 3.343
144.25 -15.6833 3.34256
143.366 -15.3576 3.34849
141.9 -15.6784 3.34056
141.038 -16.0331 3.35432
140.201 -16.1028 3.35122
139.141 -16.634 3.35887
138.252 -16.6405 3.36133
136.965 -16.9385 3.35954
136.493 -16.9993 3.36902
135.208 -17.4856 3.37054
134.116 -17.4676 3.37488
133.296 -18.0984 3.38094
132.094 -18.2116 3.37838
131.154 -18.3905 3.38076
130.069 -18.7617 3.37957
129.15 -18.861 3.39057
128.043 -19.0583 3.38836
127.024 -19.2415 3.38372
126.288 -19.743 3.39237
124.832 -19.9808 3.38823
124.161 -20.1633 3.39294
122.713 -20.3351 3.3918
121.96 -20.9366 3.39087
120.774 -20.8536 3.39142
119.96 -21.1329 3.39193
118.662 -21.3947 3.37727
117.566 -21.654 3.3866
116.575 -21.6718 3.38798
115.913 -22.3592 3.39784
115.021 -22.4034 3.39503
114.264 -22.6246 3.40741
112.476 -22.9074 3.39586
112.461 -23.1541 3.41269
110.697 -23.9818 3.40045
110.134 -24.0099 3.40799
108.599 -24.0196 3.39129
108.159 -24.4118 3.40981
107.026 -25.1053 3.40892
106.312 -25.0703 3.40445
105.361 -25.1538 3.41007
104.278 -25.4349 3.41472
103.288 -25.7893 3.40972
102.336 -26.4052 3.42019
101.444 -26.5521 3.4186
100.47 -26.8337 3.4293
99.7106 -26.8368 3.44347
98.6012 -27.1016 3.44471
97.8258 -27.6596 3.4537
97.0671 -27.8372 3.47155
95.9951 -27.9653 3.47884
95.2358 -28.2589 3.4877
94.1362 -28.8131 3.48715
93.2819 -28.8306 3.50343
92.321 -29.3791 3.50932
91.3585 -29.8059 3.52862
90.692 -30.287 3.53407
89.5492 -30.3973 3.54759
89.0293 -30.9194 3.55741
87.8861 -31.5391 3.56526
87.5904 -31.6522 3.57629
86.2087 -32.2382 3.58625
85.568 -32.8094 3.60358
84.5812 -33.082 3.61777
83.6585 -33.3985 3.63151
82.8799 -33.6745 3.65236
82.0576 -34.393 3.65356
81.2688 -34.7512 3.67356
80.5466 -35.4286 3.67718
79.6927 -35.8826 3.69667
78.8975 -36.2901 3.70757
78.0356 -36.7923 3.7149
77.1172 -37.3528 3.72323
76.3744 -37.9104 3.73459
75.7614 -38.5592 3.73962
74.7592 -38.9644 3.75353
74.0129 -39.7343 3.76125
73.372 -40.2039 3.76952
72.6203 -40.7981 3.78027
71.8938 -41.7584 3.78512
71.0053 -41.9954 3.80048
70.4226 -42.4447 3.81105
69.5504 -43.1916 3.81168
68.7305 -43.7947 3.81774
68.1004 -44.2739 3.83282
67.4192 -44.8605 3.8364
66.6448 -45.3831 3.8449
66.0495 -46.092 3.85102
65.1527 -46.5664 3.86402
64.2516 -47.3879 3.85839
63.6977 -48.2965 3.85764
62.9712 -48.6991 3.8731
62.2882 -49.3408 3.88513
61.7075 -50.001 3.89383
60.9562 -50.4648 3.90431
60.1201 -51.562 3.90543
59.4736 -52.0769 3.91485
58.9313 -52.8702 3.91596
58.2496 -53.5826 3.91766
57.233 -54.143 3.92403
56.8795 -54.774 3.92353
55.8516 -55.5573 3.9142
55.3606 -56.1252 3.9265
54.7522 -56.8192 3.94301
53.8946 -57.7073 3.93609
53.1244 -58.1595 3.94593
52.6984 -58.8739 3.94112
52.1349 -59.6367 3.94336
51.2713 -60.2461 3.95311
50.6385 -61.0496 3.94447
49.8184 -61.7357 3.93921
49.3374 -62.5609 3.94559
48.4272 -63.1995 3.94338
47.8123 -64.0161 3.94398
47.2793 -64.5349 3.94723
46.5819 -65.3635 3.94993
46.041 -65.841 3.94793
45.4208 -66.4924 3.94334
44.5642 -67.5034 3.93865
43.8696 -67.9199 3.93678
43.4934 -68.6228 3.9426
42.7032 -69.1506 3.94079
41.8711 -70.1192 3.93543
41.4928 -70.4245 3.93273
40.6851 -71.1515 3.94299
40.0905 -71.7124 3.93904
39.438 -72.5913 3.93033
38.5299 -73.1279 3.9316
38.2824 -73.7628 3.93162
37.5578 -74.312 3.92908
37.0421 -75.0306 3.92538
36.3506 -75.6849 3.92423
35.929 -76.1252 3.92964
35.1563 -76.8144 3.92041
34.4995 -77.7281 3.91413
33.8702 -78.0958 3.91773
33.0764 -78.6502 3.9071
32.6813 -79.3993 3.90641
32.1017 -79.8427 3.90522
31.4213 -80.269 3.90469
30.8035 -81.1025 3.89968
30.1427 -81.4943 3.89628
29.6908 -82.0821 3.88729
29.0119 -82.7318 3.88172
28.3916 -83.1574 3.87119
27.8718 -83.8931 3.87402
27.2332 -84.1507 3.8577
26.6345 -84.8029 3.85287
26.1551 -85.223 3.84486
25.3718 -85.8055 3.83037
24.7371 -86.2162 3.82162
24.2932 -86.7385 3.80927
23.1275 -87.0945 3.7817
22.8036 -87.832 3.78163
22.1409 -88.3166 3.76234
21.4833 -88.6411 3.75295
20.9408 -88.9022 3.73258
20.0227 -89.4236 3.70951
19.9885 -89.7932 3.70607
19.1135 -90.0829 3.6851
18.4167 -90.5494 3.67734
17.9167 -90.7064 3.65769
17.3092 -91.0858 3.64503
16.7411 -91.4896 3.63421
16.0231 -91.6196 3.623
15.0141 -92.2867 3.59315
14.3664 -92.4505 3.57857
14.174 -92.4913 3.57617
13.4988 -92.7815 3.55874
12.8356 -92.8826 3.56383
12.0278 -93.3367 3.52321
11.4762 -94.0359 3.50017
10.4051 -93.9896 3.49281
10.3987 -93.8908 3.4831
9.53307 -94.1515 3.45751
8.93376 -94.3745 3.44138
8.74546 -94.4708 3.42843
8.03552 -94.8979 3.41471
7.04528 -94.9778 3.39429
6.62131 -95.2489 3.3743
6.02264 -95.263 3.35663
5.51729 -95.2239 3.33655
4.5545 -95.0448 3.32358
4.20503 -95.3039 3.29762
3.71924 -95.3936 3.28996
2.86177 -95.9112 3.25648
2.47917 -95.7518 3.2435
2.05256 -95.4221 3.22884
1.14964 -95.64 3.20718
0.829794 -95.7733 3.19354
0.416841 -95.6916 3.18892
-0.28735 -95.4702 3.15891
-1.13711 -95.8496 3.14587
-1.72324 -95.1981 3.12526
-2.22506 -95.2856 3.11093
-2.57498 -95.4158 3.09493
-3.30222 -95.6085 3.09302
-3.72549 -95.7243 3.07522
-4.58873 -95.7617 3.05582
-4.84097 -95.2828 3.0575
-5.91207 -95.3089 3.03282
-6.2279 -95.3675 3.02474
-6.83683 -95.1496 3.01208
-7.34573 -94.8468 2.98825
-7.8728 -94.7992 2.98427
-8.81714 -94.4958 2.96398
-9.40338 -94.7411 2.95655
-10.1084 -94.5344 2.9365
-10.7107 -94.4179 2.92776
-11.1313 -94.1291 2.90856
-11.7279 -93.9628 2.89969
-12.4196 -93.9012 2.88496
-13.2679 -93.5703 2.87309
-14.034 -93.4888 2.84489
-14.3669 -93.3825 2.83302
-15.1047 -93.1109 2.81378
-15.7779 -92.929 2.80307
-16.5859 -92.5931 2.786
-16.8076 -92.2225 2.7607
-17.6526 -91.9215 2.74629
-18.2387 -91.8559 2.73491
-19.0243 -91.504 2.71461
-19.4875 -91.3737 2.70407
-20.183 -91.1326 2.68629
-20.8719 -90.4635 2.65622
-21.533 -89.9393 2.63962
-21.8315 -89.911 2.63393
-22.7223 -89.2881 2.6167
-23.0381 -88.9593 2.60019
-24.1639 -88.6146 2.57797
-24.4099 -88.2956 2.56129
-24.9446 -87.7891 2.55062
-25.4893 -87.2112 2.53594
-26.1709 -86.8465 2.51283
-26.9477 -86.4783 2.4937
-27.3889 -85.952 2.47777
-28.1112 -85.5488 2.45986
-28.1285 -84.9838 2.44195
-28.9532 -84.7143 2.41409
-29.6474 -83.9562 2.38632
-30.2148 -83.4886 2.36786
-30.7309 -83.3484 2.349
-30.9222 -82.2659 2.31976
-31.616 -81.7666 2.2941
-31.8351 -81.2657 2.27826
-32.3927 -80.6181 2.25459
-33.0398 -79.6398 2.23175
-33.1535 -79.4225 2.20379
-33.822 -78.8567 2.18698
-34.1626 -78.1987 2.16409
-34.6308 -77.6942 2.14207
-34.9997 -76.6086 2.1127
-35.2159 -76.3476 2.09727
-35.7486 -75.7879 2.07448
-35.8409 -75.1271 2.06289
-36.5065 -74.2727 2.02795
-36.5407 -73.6268 2.01353
-36.7194 -73.0051 1.99286
-37.1639 -72.1272 1.97425
-37.4205 -71.5648 1.95193
-37.5946 -70.7733 1.93113
-37.8331 -70.0444 1.91481
-38.3864 -69.2513 1.89175
-38.4495 -68.4989 1.87153
-38.6724 -67.7664 1.85893
-38.9567 -66.9934 1.84269
-39.0818 -66.0966 1.83001
-39.1837 -65.4567 1.81441
-39.5763 -64.5511 1.7863
-39.6416 -63.7613 1.78034
-39.5629 -63.1894 1.76155
-39.6758 -62.1977 1.74499
-39.7801 -61.6576 1.73623
-39.5633 -61.0475 1.72168
-39.8493 -60.1186 1.7103
-40.1229 -59.1151 1.69234
-40.0518 -58.2809 1.67962
-40.2456 -57.4321 1.6664
-40.4709 -56.5743 1.65135
-40.4003 -55.9211 1.63705
-40.3712 -54.7657 1.63577
-40.5801 -54.0857 1.62276
-40.2784 -53.2121 1.61262
-40.4767 -52.398 1.60237
-40.7348 -51.8614 1.59062
-40.6485 -50.9063 1.58501
-40.4829 -50.0698 1.56439
-40.3106 -49.415 1.56473
-40.8315 -48.4946 1.54309
-40.5133 -47.8376 1.53742
-40.4422 -46.7742 1.52698
-40.4486 -45.9188 1.5144
-40.2357 -45.1972 1.50785
-40.2145 -44.543 1.49775
-40.1126 -43.8896 1.48898
-40.2824 -42.6317 1.46049
-39.9219 -41.914 1.45385
-39.8513 -41.2156 1.44404
-39.6117 -40.4609 1.43285
-39.7097 -39.6917 1.41807
-39.3802 -39.0373 1.40841
-39.3824 -38.0318 1.38188
-39.0995 -37.2254 1.37499
-38.9105 -36.5451 1.3721
-38.6347 -35.6562 1.35044
-38.637 -35.0133 1.33319
-37.9505 -34.0505 1.3169
-38.1202 -33.4718 1.31274
-37.8414 -32.7783 1.29643
-37.7449 -31.5908 1.2821
-37.539 -31.0912 1.26601
-37.1565 -30.1375 1.25439
-36.8876 -29.6066 1.24281
-36.4914 -28.7178 1.22454
-36.4487 -28.0036 1.21266
-36.035 -27.1507 1.19723
-35.6109 -26.6015 1.18733
-35.567 -25.8387 1.17856
-35.0922 -25.1541 1.16345
-34.6644 -24.5036 1.15999
-34.3196 -23.4918 1.133
-33.9653 -22.9835 1.1222
-33.6409 -22.1604 1.10436
-33.0487 -21.5744 1.09033
-32.9191 -20.9003 1.08248
-32.594 -20.1361 1.06466
-31.9612 -19.4587 1.05233
-31.5444 -18.6483 1.03767
-30.9962 -17.7774 1.01053
-30.8088 -17.278 0.998781
-30.1825 -17.1049 0.993958
-29.8185 -15.9049 0.96778
-29.494 -15.2649 0.954081
-28.717 -14.9598 0.942476
-28.2949 -13.9582 0.922672
-27.7286 -13.5491 0.906878
-27.3641 -12.7829 0.893461
-26.651 -11.9842 0.85747
-26.314 -11.6846 0.854237
-25.7191 -11.1948 0.839673
-25.0783 -10.308 0.819837
-24.4309 -9.79119 0.799078
-23.9648 -9.18265 0.776391
-23.194 -8.70282 0.763738
-22.6289 -8.14903 0.756443
-21.9815 -7.63169 0.736117
-21.442 -7.14337 0.7215
-20.4956 -6.3559 0.695206
-20.023 -6.10715 0.682436
-19.3507 -5.44505 0.655962
-18.5572 -5.15334 0.648688
-18.0783 -4.36309 0.624523
-17.292 -3.96562 0.612318
-16.2954 -3.53609 0.58776
-15.789 -2.96851 0.572184
-15.213 -2.48056 0.553948
-14.3824 -2.12477 0.54494
-13.5998 -1.61591 0.527704
-12.8411 -1.44311 0.510216
-12.0983 -1.02587 0.493551
-11.1663 -0.536026 0.475317
-10.5995 -0.172225 0.457558
-9.63172 0.442038 0.443443
-8.51886 0.688469 0.42711
-7.83182 0.63292 0.410097
-7.23201 1.26741 0.397356
-6.25123 1.68606 0.382367
-5.29722 1.87806 0.368597
-4.52119 2.21181 0.358404
-3.40701 2.35921 0.338549
-2.50457 2.68425 0.331197
-1.78254 2.95364 0.320474
-0.7973 3.5488 0.306356
0.0770401 3.64241 0.301327
0.950135 3.98923 0.294937
1.84551 4.28092 0.295369
2.78651 4.42499 0.283613
3.72804 4.76556 0.287592
4.63066 4.98837 0.288478
5.46067 5.32846 0.281493
6.56268 5.54009 0.276923
7.38611 5.86976 0.276762
8.45392 6.15566 0.26865
9.55115 6.29133 0.26018
10.4693 6.57265 0.255152
11.3389 6.87924 0.246117
12.1885 7.20535 0.240006
13.1507 7.30013 0.235749
14.1893 7.46906 0.227653
15.3031 7.82071 0.222587
16.2498 7.76116 0.216759
17.3892 8.17623 0.205189
18.3971 8.40688 0.193574
19.3831 8.52064 0.192163
20.4031 8.74757 0.187325
21.374 9.04295 0.177656
22.4968 8.94749 0.172506
23.636 9.29699 0.164647
24.4153 9.31359 0.165202
25.4683 9.61425 0.163522
26.5609 9.79314 0.15774
27.7155 9.94516 0.152023
28.6717 10.2307 0.149471
29.7059 10.2427 0.154722
30.7582 10.3625 0.156347
31.9554 10.7556 0.145484
33.0074 10.6752 0.145569
34.0459 10.7673 0.148009
35.3333 11.0092 0.145224
36.0807 11.0489 0.149634
37.3589 11.1994 0.146474
38.4363 11.5331 0.144548
39.5022 11.7107 0.150216
40.6248 11.7052 0.144391
41.8104 11.958 0.146979
42.7077 12.0911 0.147128
44.0946 12.335 0.137731
44.8462 12.392 0.149808
45.9293 12.6721 0.144749
47.1603 12.7993 0.144017
48.0734 12.9497 0.153235
49.1244 13.0033 0.146297
50.191 13.2685 0.150579
51.4988 13.4941 0.147797
52.2139 13.3826 0.147045
53.5609 13.8039 0.145118
54.6662 13.8433 0.145397
55.491 14.0522 0.144852
56.7528 14.107 0.142726
57.7627 14.324 0.145185
58.8362 14.3818 0.138989
60.0564 14.5089 0.140365
60.6742 14.9285 0.144918
61.9673 15.1253 0.144493
62.8406 15.0563 0.139997
64.1672 15.4751 0.12691
64.9628 15.2984 0.137924
66.003 15.3522 0.133846
67.1695 15.6992 0.131953
68.3021 15.6371 0.139238
69.3631 16.0221 0.135319
70.1277 15.6823 0.124077
71.5735 16.2065 0.122511
72.2069 16.432 0.110967
73.3231 16.6367 0.118158
74.1609 16.6734 0.128808
75.3489 16.5627 0.121174
76.4639 16.8257 0.110234
77.4904 16.9697 0.101073
78.7863 17.0536 0.105578
79.4084 17.2166 0.11116
80.7046 17.2685 0.101385
81.5399 17.3057 0.101978
82.814 17.2502 0.0976575
83.862 17.532 0.0960391
84.929 17.7132 0.0895564
85.759 17.6339 0.0901752
86.5546 17.5515 0.0886741
87.8681 17.6249 0.0782016
89.0906 17.861 0.077357
89.9531 18.1061 0.0817837
90.7505 18.229 0.0798684
91.9231 18.0377 0.0779068
93.2609 18.3661 0.0706298
93.8349 18.4284 0.0818591
94.919 18.3794 0.0681409
96.3441 18.288 0.0667304
96.9785 18.3719 0.0640511
97.7856 18.6406 0.0739057
99.0481 18.4369 0.0655165
100.204 18.7466 0.0650207
101.037 18.9462 0.0681767
102.141 18.9997 0.0602735
103.255 19.2018 0.0605519
104.019 18.9462 0.0579572
105.062 19.2068 0.0625417
106.245 19.3805 0.069884
107.065 19.0681 0.0595737
108.018 19.3598 0.0641121
109.207 19.2188 0.0609381
110.317 19.36 0.0605268
111.035 19.5368 0.0533038
112.363 19.4986 0.0540721
113.16 19.4631 0.0592933
114.01 19.4395 0.0627206
115.375 19.5742 0.0637778
116.437 19.5082 0.0640788
117.463 19.8484 0.0546206
118.043 19.8755 0.0614603
118.91 19.8407 0.0616503
120.406 20.1868 0.0578849
121.243 19.8833 0.0623471
122.285 20.1653 0.0617887
123.599 20.0304 0.0556768
124.342 20.3554 0.060597
125.3 19.9007 0.05233
126.642 20.3263 0.0596616
127.69 20.4859 0.0614901
128.517 20.3888 0.0595175
129.353 20.3031 0.0591476
130.592 20.7126 0.0545307
131.64 20.7088 0.0582279
132.641 20.4545 0.0625341
133.562 20.7274 0.0603625
134.801 20.9725 0.0588354
135.789 20.6819 0.0548287
136.858 20.7901 0.0586192
137.822 20.9017 0.0630208
138.841 21.1675 0.0597946
139.828 20.9799 0.0579514
140.777 21.0522 0.0582879
141.995 21.2229 0.0519871
143.003 21.3214 0.0634535
143.99 21.4455 0.0679661
144.95 21.3382 0.0668393
145.908 21.489 0.0678898
147.159 21.5791 0.0707238
148.384 21.7697 0.0662998
149.577 21.7103 0.0665684
150.253 21.7104 0.0854703
151.425 21.7934 0.0717761
152.259 21.9025 0.0777491
153.363 22.0398 0.0780808
154.564 22.3425 0.0788093
155.651 22.391 0.0821165
156.65 22.4264 0.0810567
157.52 22.4801 0.0809161
158.646 22.5688 0.076377
159.757 22.5311 0.0817903
160.644 22.6299 0.0839574
161.679 22.821 0.0834318
162.869 22.9059 0.0798474
163.973 23.115 0.078302
164.941 22.9118 0.0849325
166.111 23.103 0.0799528
167.093 22.9696 0.0744964
168.168 23.2788 0.084236
169.193 23.3518 0.0790655
170.207 23.578 0.0812433
171.382 23.4027 0.0768727
172.455 23.7009 0.0818073
173.419 23.7368 0.0741569
174.457 23.8424 0.0787004
175.604 23.8908 0.0748313
176.909 24.0161 0.0700262
177.906 24.0238 0.0738315
178.92 23.9577 0.0733877
180.044 24.4494 0.0656156
181.186 24.574 0.0666476
181.933 24.4234 0.0773599
183.306 24.5397 0.0670344
184.231 24.3571 0.0746934
185.438 24.5038 0.0661828
186.421 24.6517 0.0706821
187.401 24.6697 0.072448
188.479 24.8263 0.0705623
189.826 25.0305 0.0776233
190.583 24.8677 0.0724487
191.656 24.9757 0.0719768
192.778 25.1305 0.0787023
193.794 25.117 0.0711191
194.903 25.2432 0.0708433
196.163 25.2879 0.0726074
197.39 25.252 0.0725009
198.32 25.3529 0.0654111
199.4 25.6904 0.0708569
200.587 25.4432 0.0755487
201.686 25.7294 0.0641192
202.406 25.7712 0.0690132
203.688 25.8709 0.0687458
204.781 26.011 0.0797717
205.832 26.0824 0.065553
206.946 26.1244 0.0698569
207.992 26.0628 0.0684096
209.268 26.2905 0.071217
210.115 26.1579 0.0734215
211.223 26.3499 0.0747441
212.199 26.5323 0.0748618
213.243 26.5849 0.0769188
214.269 26.6295 0.0742932
215.487 26.5641 0.0714014
216.418 26.9597 0.0752046
217.493 26.9572 0.0710621
218.769 27.024 0.0655144
219.689 27.0615 0.0726843
220.714 27.1119 0.0784576
222.002 27.2709 0.0717799
222.925 27.0572 0.0721754
223.663 27.3643 0.0784234
224.614 27.2896 0.079791
226.036 27.238 0.0724388
226.703 27.4773 0.0734701
227.91 27.8024 0.0751142
228.817 27.7036 0.0751192
229.896 27.7928 0.0745032
230.853 27.6721 0.076408
231.752 27.822 0.0706893
232.92 28.019 0.0706162
233.944 28.1374 0.0732439
234.752 28.1395 0.0722018
235.713 28.2035 0.0769292
236.693 28.3584 0.0665876
237.775 28.2796 0.0752698
238.876 28.4723 0.0721519
239.558 28.5716 0.072318
240.488 28.4824 0.0699504
241.367 28.6991 0.0721206
242.257 28.571 0.0751196
243.167 28.7295 0.0743557
243.954 28.8086 0.0681971
244.832 28.7063 0.0711064
245.454 28.9799 0.0686063
246.291 29.0614 0.068686
247.066 28.7801 0.0636663
248.074 28.9735 0.0652024
248.63 28.9695 0.064852
249.427 29.1354 0.0669788
250.347 29.1857 0.0582207
250.799 29.2514 0.0475533
251.526 29.2135 0.0417308
251.997 29.2449 0.0365159
252.688 29.308 0.0307605
253.283 29.2408 0.0258433
254.109 29.2212 0.0156502
253.728 29.2063 0.0070437
254.347 29.3262 6.27654
254.968 29.1649 6.26451
255.594 29.4876 6.25182
256.236 29.4462 6.23452
256.754 29.1941 6.20415
256.786 28.9852 6.20383
257.441 29.131 6.18692
257.697 29.0726 6.17714
258.285 28.9938 6.15674
258.64 28.9282 6.13531
258.956 28.7921 6.12817
259.295 28.6637 6.11306
259.907 28.7519 6.08824
259.967 28.5119 6.08146
260.541 28.4848 6.06673
260.738 28.4979 6.05745
261.458 28.3462 6.03173
261.469 28.3363 6.01247
262.042 28.109 6.00123
262.144 27.9465 5.98195
262.419 27.763 5.97345
262.803 27.8692 5.95071
263.318 27.7538 5.91659
263.761 27.5508 5.90488
263.641 27.3965 5.87917
264.245 27.1845 5.86772
264.469 27.1795 5.86379
264.831 26.9205 5.83935
264.975 26.7779 5.8382
265.269 26.8079 5.81596
265.654 26.574 5.79466
265.898 26.3078 5.78332
266.174 26.2996 5.78127
266.541 26.18 5.76834
266.731 25.8289 5.75819
267.044 25.5094 5.74764
267.154 25.4978 5.7359
267.727 25.2154 5.72439
268.051 25.006 5.71503
268.247 24.8793 5.70358
268.628 24.4651 5.68763
268.837 24.2517 5.68491
269.467 24.1669 5.65019
269.45 23.9523 5.65786
270.03 23.6101 5.63949
270.423 23.4222 5.63129
270.709 23.1706 5.61717
271.029 22.6634 5.60278
271.542 22.643 5.57612
271.805 22.2022 5.56871
272.098 21.685 5.5351
272.487 21.5506 5.51587
272.485 21.0574 5.49717
273.413 20.744 5.48413
273.524 20.2296 5.45841
273.74 19.8723 5.43244
273.836 19.5042 5.40684
274.337 19.0785 5.38342
274.692 18.715 5.36241
274.891 18.2585 5.3388
274.95 17.6885 5.29687
275.515 17.4796 5.28086
275.939 16.723 5.2558
276.066 16.3841 5.21801
276.124 16.184 5.20119
276.651 15.4021 5.17003
276.872 15.0394 5.14446
277.005 14.2581 5.10878
276.995 13.7904 5.06769
277.352 13.2244 5.04702
277.326 12.8021 5.01024
277.888 12.0539 4.98739
277.755 11.6437 4.96767
277.889 10.6553 4.91661
277.969 10.2021 4.91182
278.097 9.73855 4.88722
278.047 8.88465 4.84686
278.184 8.57143 4.83801
278.21 7.75334 4.78491
278.008 7.20211 4.7653
278.286 6.68115 4.75579
278.098 6.14334 4.72404
278.372 5.54803 4.7122
278.396 4.89958 4.68115
278.264 4.19789 4.64855
278.082 3.37352 4.62103
277.935 2.94447 4.59322
277.762 2.46025 4.5771
277.766 1.80886 4.54749
277.455 1.02042 4.50909
277.588 0.0947568 4.48303
277.153 -0.405994 4.4427
276.95 -0.909578 4.41993
276.795 -1.42467 4.39649
276.486 -2.35223 4.37322
276.233 -3.00414 4.35344
275.876 -3.43437 4.3143
275.533 -4.16152 4.28524
275.243 -4.58512 4.26022
274.843 -5.43391 4.22384
274.786 -5.84673 4.20513
273.989 -6.6174 4.1625
273.837 -7.51868 4.14791
273.434 -7.67541 4.12177
273.275 -8.14154 4.09572
272.838 -9.04523 4.06634
272.434 -9.3765 4.04742
271.783 -10.1458 4.02039
271.282 -10.5355 3.99529
270.818 -10.8799 3.97045
270.241 -11.5211 3.94421
269.236 -11.8849 3.90123
268.946 -12.6127 3.87817
268.743 -12.849 3.86772
268.033 -13.5994 3.84376
267.188 -13.6728 3.80577
266.599 -14.4548 3.77808
266.072 -14.7679 3.75261
265.285 -15.1471 3.71974
264.624 -15.6265 3.69169
263.861 -15.4644 3.66152
263.465 -16.2502 3.63805
262.578 -16.3646 3.60202
262.032 -16.7234 3.57424
261.241 -17.0849 3.53613
260.657 -17.111 3.51176
259.737 -17.4829 3.47801
259.165 -18.0139 3.44843
258.362 -18.0128 3.42027
257.735 -18.0476 3.38501
257.122 -18.3527 3.36465
256.352 -18.6852 3.3324
255.407 -18.3665 3.29217
254.866 -18.3003 3.26372
253.876 -18.731 3.2275
252.76 -18.5958 3.19215
252.479 -18.6865 3.17561
251.419 -18.5316 3.13824
250.271 -18.3218 3.10395
249.864 -18.4459 3.07766
248.973 -18.3177 3.04991
248.396 -18.4314 3.03341
247.289 -18.2236 3.00324
246.637 -17.7074 2.97533
245.704 -17.845 2.96058
245.205 -17.5883 2.94503
244.219 -17.461 2.92816
243.626 -17.5018 2.9224
242.472 -17.2602 2.90765
241.752 -16.8629 2.89555
240.778 -16.3658 2.89335
240.046 -16.6318 2.89289
239.434 -16.3082 2.89541
238.811 -15.99 2.90005
237.368 -15.5502 2.88518
236.594 -15.6192 2.88708
235.839 -15.195 2.8894
235.156 -15.0205 2.89189
234.327 -14.7249 2.88875
233.269 -14.7699 2.88785
232.593 -14.6489 2.89382
231.43 -14.1433 2.88419
230.665 -14.0706 2.8944
230.053 -13.7262 2.90282
229.114 -13.4098 2.90185
228.018 -13.578 2.89558
227.264 -13.1982 2.91737
226.199 -13.038 2.90575
225.531 -12.4248 2.91278
224.629 -12.6978 2.91603
223.158 -12.3846 2.91388
222.697 -12.3435 2.9283
221.721 -11.9742 2.92955
220.944 -11.7862 2.93509
219.742 -11.5464 2.93813
218.932 -11.4241 2.95194
217.928 -11.1475 2.95413
216.786 -11.0881 2.95948
216.316 -10.8825 2.9827
215.277 -10.8667 2.98634
214.06 -10.7637 2.98376
213.087 -10.5487 3.00092
212.129 -10.1491 3.01005
211.186 -10.2319 3.01603
210.366 -10.3821 3.02746
209.363 -9.97973 3.04534
207.945 -10.0433 3.03239
207.319 -9.83013 3.04988
205.815 -9.66523 3.05761
205.499 -9.76267 3.06901
204.356 -9.5171 3.07876
203.133 -9.70998 3.07588
202.29 -9.65669 3.08662
201.224 -9.64485 3.0946
200.3 -8.85324 3.10734
199.232 -9.41162 3.1169
198.359 -9.42378 3.1163
197.316 -9.39799 3.12805
195.959 -9.2743 3.13278
195.286 -9.17812 3.14136
194.21 -9.14467 3.13992
192.859 -9.56546 3.14269
191.992 -9.29357 3.14771
190.974 -9.47825 3.15073
189.817 -9.5627 3.15651
188.639 -9.57393 3.1512
188.3 -9.59524 3.17097
187.061 -9.65704 3.17425
186.086 -9.46463 3.1804
185.185 -9.40559 3.18485
184.078 -9.79055 3.18462
183.069 -9.64473 3.18719
182.147 -9.68385 3.1904
181.037 -9.77198 3.19273
180.11 -9.92649 3.19261
179.309 -9.88178 3.19464
178.181 -9.82104 3.20209
177.166 -9.98465 3.20339
176.127 -10.1203 3.21006
175.689 -10.4013 3.21082
174.601 -10.0338 3.21829
173.633 -10.3332 3.22257
172.768 -10.514 3.22201
171.789 -10.5806 3.22541
170.713 -10.7519 3.23204
169.838 -10.424 3.24075
168.991 -10.7295 3.23585
168.168 -10.8753 3.24282
167.139 -10.8561 3.25007
166.259 -10.9768 3.24963
165.233 -11.0887 3.2503
164.129 -11.0646 3.25593
163.249 -11.2556 3.26264
162.448 -11.5572 3.27146
161.616 -11.6156 3.27705
160.665 -11.8256 3.28113
160.059 -11.6804 3.28613
158.904 -11.855 3.2886
158.259 -12.2779 3.30414
157.46 -12.2938 3.30318
156.438 -12.576 3.31168
155.205 -12.5953 3.30929
154.53 -12.8279 3.31464
153.427 -12.8497 3.31769
152.534 -12.8073 3.3168
151.899 -13.2453 3.32425
150.824 -13.3568 3.32694
149.873 -13.5901 3.33737
149.036 -13.8737 3.3435
148.337 -14.0255 3.34667
147.028 -13.903 3.33938
146.825 -14.1737 3.34954
145.535 -14.478 3.34889
145.016 -14.7779 3.36644
143.866 -14.8091 3.36005
142.994 -15.009 3.36136
142.105 -15.2355 3.36295
141.114 -16.0224 3.36048
140.196 -15.3955 3.37008
139.03 -15.817 3.37363
138.448 -15.9055 3.37308
137.589 -16.1525 3.38214
136.523 -16.6302 3.37302
135.882 -16.7018 3.381
135.211 -17.0264 3.38746
133.819 -17.1644 3.39238
133.246 -17.5395 3.39852
132.1 -17.6146 3.38135
131.428 -18.0278 3.39168
130.753 -17.935 3.39898
129.962 -18.3208 3.39974
128.939 -18.3999 3.40158
128.051 -18.9258 3.40065
127.388 -19.2306 3.40371
126.567 -19.187 3.40573
125.392 -19.3984 3.40641
124.613 -19.6691 3.40511
123.612 -19.8947 3.40128
123.123 -20.2544 3.40678
122.499 -20.2775 3.41463
121.132 -20.3977 3.40482
120.8 -20.8349 3.4206
120.064 -21.1045 3.41732
119.143 -21.1756 3.41737
118.229 -21.5093 3.417
116.762 -21.7385 3.40654
116.415 -21.8079 3.41609
115.768 -22.1195 3.42114
114.515 -22.4061 3.41757
113.791 -22.6162 3.41621
113.375 -22.784 3.42149
112.497 -23.3642 3.4265
111.851 -23.509 3.43045
111.274 -23.68 3.42794
110.055 -23.7653 3.42374
109.538 -24.1694 3.42491
108.515 -24.3796 3.43571
108.121 -24.6689 3.43453
107.367 -24.8545 3.42661
106.324 -25.1695 3.43211
105.563 -25.2116 3.43425
104.158 -25.7482 3.42778
103.787 -25.7485 3.4315
103.242 -25.942 3.4362
102.616 -26.3944 3.43198
101.793 -26.2999 3.43657
100.948 -26.5165 3.44403
100.254 -26.6819 3.43883
99.1169 -27.1561 3.43388
98.6444 -27.2109 3.44795
98.2601 -27.3866 3.45092
97.3621 -27.8118 3.45273
96.6046 -28.22 3.457
96.0168 -28.1136 3.45752
95.0844 -28.5166 3.46538
94.3754 -28.9825 3.46971
93.7007 -29.0815 3.47051
92.9346 -29.186 3.47871
92.047 -29.6452 3.48154
91.5337 -29.6944 3.48979
90.8184 -29.8588 3.50035
90.146 -30.2942 3.50087
89.4542 -30.6308 3.51346
88.6462 -30.8027 3.52338
87.9318 -31.2121 3.53306
87.3072 -31.7759 3.54036
86.7079 -31.6597 3.5563
86.0643 -31.9448 3.57384
85.3495 -32.2738 3.581
84.6874 -32.5699 3.59377
84.136 -33.1171 3.60348
83.3608 -33.3781 3.61685
82.6014 -33.747 3.62951
81.9723 -34.2784 3.63343
81.3792 -34.5316 3.65092
80.6 -34.7913 3.66216
80.1465 -35.2645 3.66938
79.5922 -35.7356 3.68387
78.7083 -36.0346 3.69771
77.9893 -36.3842 3.7083
77.486 -36.7018 3.71579
76.8895 -37.3958 3.72397
76.2967 -37.7874 3.72805
75.6437 -38.1423 3.74927
75.1192 -38.5333 3.76276
74.2403 -39.1501 3.76511
73.8231 -39.4317 3.7798
73.2372 -40.1237 3.77534
72.5813 -40.5957 3.78378
72.0386 -40.775 3.79918
71.3477 -41.5777 3.79305
70.7179 -41.7081 3.80411
70.1522 -42.3541 3.80401
69.5604 -43.0295 3.80648
68.9165 -43.0806 3.80897
68.4075 -43.7602 3.81682
67.8099 -44.0822 3.82544
67.0897 -44.6837 3.82697
66.3502 -45.0303 3.83426
65.7994 -45.719 3.83527
65.1964 -46.4334 3.8343
64.7398 -46.6368 3.84323
63.9068 -47.3114 3.84906
63.2824 -47.7543 3.8544
62.5652 -48.4954 3.85189
62.0943 -48.772 3.8583
61.6789 -49.243 3.86642
60.9429 -49.7739 3.88117
60.3835 -50.6858 3.87165
59.7772 -50.8933 3.88624
59.3814 -51.4043 3.88769
58.4256 -52.0368 3.88582
57.9347 -52.6777 3.89066
57.3961 -53.1332 3.89176
56.881 -53.822 3.8959
56.0753 -54.3189 3.90044
55.6331 -54.8967 3.90099
55.1933 -55.7042 3.90758
54.3502 -56.0433 3.91029
53.9748 -56.6001 3.9122
53.0546 -57.1865 3.90662
52.5959 -57.7339 3.91741
52.0613 -58.4698 3.91541
51.4965 -58.9382 3.9217
50.9109 -59.4319 3.92286
50.3108 -60.2619 3.92547
49.7204 -60.9804 3.92189
49.2633 -61.3154 3.92816
48.5124 -61.8868 3.93123
47.8383 -62.4586 3.92954
47.4815 -63.3689 3.93317
46.7905 -63.8367 3.93442
46.2885 -64.2337 3.9325
45.3685 -65.0559 3.92488
45.0079 -65.3277 3.93297
44.5308 -66.1082 3.93301
43.9912 -66.7603 3.93273
43.1902 -67.1383 3.93309
42.8834 -67.7649 3.93439
42.2492 -68.6097 3.93849
41.59 -68.8406 3.93694
40.9394 -69.533 3.93849
40.4205 -70.207 3.9336
39.9991 -70.8055 3.93962
39.3572 -71.2801 3.93686
38.8219 -71.817 3.93432
38.2593 -72.3242 3.93143
37.6287 -72.8428 3.93439
37.1323 -73.5467 3.93052
36.4522 -74.0169 3.93124
36.0738 -74.5806 3.93357
35.5701 -75.0662 3.92955
34.9483 -75.6343 3.92302
34.5335 -76.193 3.91783
33.7967 -76.6988 3.90757
33.4313 -77.2797 3.90947
32.9337 -77.5161 3.91196
32.1852 -78.3881 3.89684
31.8364 -78.6168 3.89656
31.0928 -79.2953 3.89312
30.4922 -79.8432 3.88513
29.9613 -80.1634 3.87976
29.4566 -80.7006 3.87785
28.7585 -81.2576 3.86686
28.4416 -81.7389 3.86217
27.9649 -82.2027 3.85702
27.064 -82.8344 3.85081
26.6174 -83.4284 3.84365
25.9494 -83.5851 3.83609
25.3012 -84.1369 3.8254
24.7499 -84.5551 3.81238
24.1293 -85.1745 3.79878
23.4646 -85.778 3.7851
22.7493 -86.2664 3.77926
22.1063 -86.3317 3.76417
21.6843 -86.8096 3.75428
21.0379 -87.4979 3.74395
20.5437 -87.765 3.7309
19.7064 -88.1889 3.71749
19.2693 -88.052 3.70414
18.4848 -88.8029 3.68909
17.8017 -89.2013 3.67982
17.4771 -89.377 3.66246
16.5885 -90.2019 3.6463
16.08 -90.2667 3.64131
15.422 -90.4966 3.61842
15.0273 -90.6114 3.6053
14.036 -91.401 3.59427
13.6235 -91.2394 3.58587
12.5821 -91.9703 3.54702
11.9439 -91.7093 3.54233
11.3142 -91.8669 3.53083
10.5984 -92.7224 3.50517
10.1323 -92.692 3.49785
9.55941 -92.8741 3.48503
8.91748 -93.4445 3.44919
8.21712 -93.1489 3.44343
7.59211 -93.3608 3.43235
6.93428 -93.5185 3.41385
6.57838 -93.8667 3.3895
5.73052 -94.351 3.37572
5.50506 -94.2327 3.34785
4.71379 -94.1087 3.33804
3.91321 -94.534 3.31467
3.37203 -94.484 3.2953
2.53087 -94.6781 3.25803
1.56065 -94.5909 3.24521
1.23081 -94.6235 3.23919
0.546111 -94.7172 3.22015
0.0859945 -94.7832 3.20878
-0.669798 -94.5742 3.18429
-1.62834 -94.6084 3.15442
-1.90614 -94.8224 3.15012
-2.61659 -94.4777 3.13877
-3.25542 -94.4887 3.11934
-4.04159 -94.2271 3.10293
-4.71822 -94.4827 3.08799
-5.18393 -94.3553 3.07319
-5.89038 -94.471 3.06231
-6.78076 -94.34 3.04062
-7.28772 -94.3084 3.03512
-7.82156 -94.0626 3.02038
-8.48526 -93.9068 3.00699
-9.31692 -93.9181 2.99332
-10.0164 -93.8287 2.9744
-10.7975 -93.8374 2.95917
-11.2514 -93.7015 2.94162
-11.735 -93.3119 2.93619
-12.7183 -93.0632 2.91588
-13.0725 -93.1867 2.9162
-13.9919 -92.9752 2.89682
-14.2591 -92.819 2.88503
-14.9836 -92.5771 2.86672
-15.731 -91.991 2.84866
-16.2064 -91.9715 2.82351
-16.8004 -92.0868 2.82624
-17.3494 -91.6737 2.80591
-18.1872 -91.553 2.78695
-18.6321 -91.366 2.77584
-19.4068 -90.9065 2.74913
-20.0054 -90.5596 2.73774
-20.496 -90.3786 2.72539
-21.2412 -90.1187 2.69588
-21.9854 -89.9599 2.68117
-22.3084 -89.4825 2.67509
-23.3439 -89.1504 2.64962
-23.8033 -88.6073 2.62621
-24.2292 -88.5083 2.61699
-24.8406 -87.6842 2.59264
-25.2223 -87.782 2.58183
-25.9043 -87.3388 2.56058
-26.7646 -86.7783 2.53151
-27.3474 -86.7111 2.5259
-27.5446 -86.1554 2.49668
-28.202 -85.5235 2.47962
-28.858 -85.108 2.46117
-29.1483 -84.8858 2.43552
-29.7676 -84.264 2.41763
-30.2967 -83.7986 2.411
-30.8003 -83.6991 2.39067
-31.1327 -82.6886 2.36503
-31.4319 -82.3664 2.34894
-32.1922 -81.7741 2.32058
-32.4372 -81.0947 2.29631
-32.9935 -80.6571 2.28101
-33.4235 -79.957 2.2472
-33.754 -79.6643 2.23492
-34.2564 -78.9774 2.22188
-34.4658 -78.5161 2.20152
-35.0386 -78.1737 2.18094
-35.2506 -77.2752 2.15802
-35.7771 -76.7137 2.13201
-36.2022 -75.9674 2.11074
-36.533 -75.3948 2.07588
-36.875 -74.7787 2.05792
-37.1932 -74.0097 2.04278
-37.3894 -73.5018 2.01734
-37.5832 -72.7613 2.00554
-37.9709 -72.1268 1.9848
-38.0476 -71.3991 1.95834
-38.4867 -70.8823 1.93522
-38.691 -70.2193 1.90991
-38.7762 -69.1842 1.89556
-39.1333 -68.369 1.87866
-39.4009 -68.0853 1.85109
-39.6005 -67.4604 1.83984
-39.6757 -66.5507 1.81692
-39.8409 -65.7217 1.79661
-39.9141 -65.1919 1.7853
-40.1877 -64.4324 1.77327
-39.9913 -63.7624 1.76267
-40.5454 -62.8308 1.74543
-40.4732 -62.2593 1.73321
-40.5877 -61.4319 1.71442
-40.9382 -60.8782 1.70114
-40.7259 -60.0721 1.69302
-40.5827 -59.2001 1.67787
-40.9887 -58.6431 1.66335
-41.0444 -57.7518 1.65722
-40.9109 -57.1731 1.65091
-41.1108 -56.2768 1.63714
-41.4537 -55.5282 1.62842
-41.2258 -54.621 1.62144
-41.4416 -53.797 1.61475
-41.0055 -53.1297 1.61114
-41.0062 -52.2236 1.59997
-40.9165 -51.6061 1.60086
-41.51 -51.0173 1.58515
-41.0133 -50.0763 1.58919
-41.2046 -49.183 1.56345
-41.3173 -48.5761 1.56295
-41.4652 -47.7078 1.54651
-41.1927 -47.7448 1.53967
